L = 0.0005;
B = 0.0065; 
bet = [0.000215, 0.00142, 0.00127, 0.00257, 0.00075, 0.00027]';
lam = [0.0126, 0.0337, 0.139, 0.325, 1.13, 2.50]';
y0 = [1.0, 34.1269, 84.2729, 18.2734, 15.8154, 1.3274, 0.2160]';